90,0,0,0,-73,100,-26,9
90,1,2,-3,-73,99,-26,9
90,1,2,-3,-73,99,-26,9
90,-10,11,0,-73,100,-26,9
90,-20,22,-1,-73,100,-26,9
90,-34,35,-1,-72,100,-27,9
91,-36,44,-7,-72,100,-27,8
91,-42,52,-9,-72,100,-27,8
95,-53,63,-10,-72,100,-27,7
97,-58,74,-15,-72,100,-27,6
99,-68,85,-16,-72,100,-27,5
101,-71,90,-19,-72,100,-27,4
105,-76,109,-18,-72,100,-28,2
107,-82,111,-24,-72,100,-28,1
109,-86,115,-28,-74,103,-29,0
110,-84,111,-31,-76,107,-30,0
111,-83,105,-36,-81,113,-32,0
112,-85,95,-37,-83,117,-33,0
113,-90,95,-32,-91,127,-35,1
114,-74,99,-31,-93,131,-36,1
116,-70,105,-32,-95,134,-37,0
117,-65,110,-27,-98,137,-38,0
118,-67,125,-28,-105,147,-42,1
119,-81,134,-38,-108,150,-43,1
121,-95,143,-47,-113,157,-45,1
122,-98,146,-45,-115,161,-45,1
124,-110,155,-48,-118,164,-47,1
126,-109,157,-47,-122,171,-48,1
127,-116,165,-49,-125,174,-49,1
128,-126,175,-50,-130,181,-51,2
131,-124,176,-43,-132,184,-53,1
134,-133,186,-38,-139,194,-56,2
136,-133,190,-47,-141,198,-57,1
138,-140,196,-45,-144,201,-59,1
140,-135,197,-49,-146,205,-60,1
142,-136,197,-55,-151,211,-62,1
145,-141,202,-65,-153,215,-63,1
146,-143,200,-66,-158,222,-65,2
148,-135,197,-73,-160,225,-65,2
150,-152,204,-66,-163,228,-66,2
152,-157,206,-66,-165,232,-67,2
154,-154,209,-63,-167,235,-68,2
160,-157,227,-57,-172,242,-71,1
162,-165,232,-55,-174,246,-72,1
164,-169,237,-59,-179,252,-74,2
166,-175,239,-65,-181,256,-75,2
169,-184,254,-74,-184,259,-76,2
172,-178,255,-78,-186,263,-77,1
175,-177,264,-77,-188,266,-78,1
178,-178,262,-73,-191,269,-79,1
180,-178,260,-68,-193,273,-80,1
181,-188,271,-69,-198,279,-82,3
188,-187,261,-82,-203,286,-84,2
190,-196,257,-82,-206,290,-85,2
193,-201,269,-86,-208,293,-86,2
196,-196,281,-82,-211,296,-86,2
199,-202,289,-78,-213,300,-87,2
202,-197,287,-78,-216,303,-88,2
206,-208,288,-74,-218,306,-89,1
209,-214,287,-71,-221,310,-90,1
214,-213,294,-79,-224,313,-90,0
219,-214,302,-90,-231,323,-92,2
222,-221,303,-97,-234,326,-93,2
225,-222,310,-98,-238,329,-92,2
229,-227,316,-89,-241,332,-92,1
233,-227,319,-74,-244,335,-92,1
236,-219,323,-75,-247,338,-93,1
239,-224,332,-77,-251,341,-92,1
242,-228,331,-85,-254,344,-92,1
244,-242,342,-80,-260,351,-93,3
247,-238,344,-90,-263,354,-93,3
260,-250,336,-93,-277,361,-86,1
264,-266,339,-95,-282,364,-84,1
266,-264,341,-93,-288,370,-84,3
269,-274,349,-83,-293,372,-81,3
274,-274,366,-83,-299,374,-77,2
276,-293,381,-83,-306,380,-76,4
281,-284,368,-79,-312,381,-71,3
285,-293,367,-69,-318,382,-67,3
288,-297,370,-68,-326,388,-64,4
292,-294,367,-69,-337,385,-51,4
300,-307,365,-92,-354,389,-37,4
303,-319,372,-85,-360,395,-36,5
308,-326,385,-83,-364,398,-34,4
311,-336,390,-64,-371,403,-32,5
316,-348,389,-38,-384,409,-26,7
321,-355,391,-26,-390,410,-21,6
324,-362,397,-24,-401,417,-16,8
328,-354,390,-20,-410,420,-12,8
333,-368,398,-24,-419,423,-5,8
337,-378,393,-25,-428,427,0,8
345,-404,418,-13,-453,437,14,9
350,-409,424,1,-466,442,22,9
355,-421,427,12,-478,448,28,9
360,-437,438,16,-495,454,38,9
365,-440,430,27,-513,465,45,9
370,-444,430,32,-533,474,56,9
375,-439,435,37,-552,483,65,9
377,-451,441,44,-573,497,72,13
386,-467,450,52,-578,490,83,9
398,-483,478,69,-587,478,103,8
404,-479,483,73,-593,474,112,7
410,-493,495,78,-605,474,122,7
417,-507,492,78,-615,471,134,6
426,-518,476,82,-623,467,146,6
434,-527,462,88,-631,466,155,6
443,-557,473,100,-638,462,165,5
451,-572,457,114,-643,458,174,5
459,-594,457,121,-648,457,181,5
467,-598,462,136,-653,454,189,4
482,-592,437,137,-661,449,201,3
491,-619,436,153,-665,448,207,3
498,-628,422,159,-669,447,212,3
506,-635,432,170,-672,446,217,4
515,-643,443,182,-675,444,223,3
522,-634,420,186,-678,444,226,2
530,-641,434,188,-680,443,230,2
538,-656,434,202,-684,442,234,3
545,-663,440,205,-688,442,238,4
555,-667,442,205,-689,439,243,2
570,-668,430,214,-695,438,251,2
579,-667,428,219,-698,437,255,2
586,-667,434,229,-701,436,259,1
592,-679,438,241,-704,435,263,3
602,-675,433,245,-707,432,269,3
611,-690,440,240,-710,430,273,2
619,-688,425,242,-712,430,276,1
626,-687,416,247,-715,430,280,3
635,-710,422,258,-718,428,285,2
642,-707,420,275,-721,428,289,3
660,-726,419,299,-727,425,298,2
669,-691,406,305,-731,425,302,2
677,-693,414,298,-735,423,306,3
685,-703,432,279,-739,421,313,3
695,-716,423,281,-743,419,320,3
703,-707,415,290,-748,417,326,3
713,-716,409,295,-752,416,331,3
722,-716,400,295,-758,415,339,3
732,-738,406,311,-764,415,346,3
743,-757,410,321,-771,414,353,3
764,-747,393,359,-784,415,365,7
770,-744,392,347,-783,413,367,9
782,-741,386,332,-783,409,371,5
789,-752,395,335,-774,402,369,5
792,-773,404,343,-767,397,368,5
795,-772,385,353,-761,393,366,5
799,-773,387,367,-757,389,366,5
804,-785,383,378,-752,386,364,6
810,-778,380,390,-749,383,365,6
815,-764,395,380,-745,380,363,6
828,-773,397,362,-739,371,367,5
834,-750,375,370,-737,368,367,5
840,-742,374,383,-734,364,368,5
846,-741,361,398,-732,362,368,5
853,-743,380,411,-730,359,368,5
859,-722,384,383,-728,355,369,5
865,-702,382,375,-725,350,371,6
871,-698,373,370,-724,346,373,5
878,-731,362,366,-722,340,377,5
883,-727,338,355,-719,335,380,5
897,-736,323,366,-714,324,388,5
903,-707,325,351,-711,314,395,5
909,-700,324,358,-709,312,395,5
914,-705,330,373,-706,304,400,5
921,-698,321,374,-704,300,402,5
927,-702,308,394,-701,295,404,6
933,-709,313,402,-698,288,408,5
940,-687,306,374,-695,280,413,4
950,-685,295,383,-688,268,418,10
966,-698,269,427,-676,244,430,10
971,-694,268,422,-671,236,434,10
977,-675,248,412,-667,229,436,10
981,-676,237,416,-661,222,438,10
987,-685,214,445,-655,214,441,10
992,-696,221,453,-648,206,441,10
996,-666,225,440,-640,201,440,10
1006,-635,214,452,-635,188,446,9
1010,-634,190,453,-634,183,450,12
1020,-648,211,435,-631,172,458,10
1025,-649,192,438,-629,165,463,10
1033,-641,183,446,-626,156,470,9
1039,-650,170,470,-625,150,474,9
1046,-626,155,466,-623,145,478,9
1052,-613,160,455,-621,138,482,9
1059,-616,143,466,-619,133,485,9
1064,-603,131,479,-617,129,488,10
1070,-595,135,478,-616,124,491,9
1077,-599,148,474,-614,118,495,9
1085,-605,140,473,-612,111,500,8
1097,-604,126,469,-608,100,506,9
1103,-594,105,474,-606,96,509,8
1110,-592,95,485,-604,90,513,7
1116,-612,99,513,-602,86,515,9
1124,-607,99,508,-600,80,519,8
1130,-623,101,512,-597,74,523,7
1138,-623,77,531,-595,68,526,6
1144,-608,78,517,-592,62,529,6
1150,-598,69,513,-590,58,532,8
1163,-577,58,529,-585,45,539,7
1170,-591,65,524,-581,38,543,7
1177,-599,52,531,-577,29,548,6
1182,-599,49,541,-573,20,553,8
1189,-570,41,536,-568,10,558,7
1195,-567,33,544,-563,0,563,7
1203,-564,30,542,-552,-20,573,6
1207,-552,22,540,-551,-23,574,8
1214,-569,23,542,-542,-38,581,7
1222,-568,14,548,-539,-45,584,6
1234,-556,1,559,-525,-68,594,7
1240,-554,0,576,-518,-80,599,7
1247,-524,-23,592,-510,-93,603,7
1253,-540,-33,605,-500,-109,609,7
1260,-534,-46,591,-490,-124,613,7
1266,-495,-64,588,-483,-136,617,7
1273,-503,-65,603,-474,-149,621,7
1279,-493,-66,598,-464,-163,625,7
1285,-485,-91,607,-453,-177,628,6
1292,-488,-106,614,-442,-192,631,7
1291,-493,-118,604,-438,-197,632,13
1307,-467,-125,605,-413,-229,639,10
1318,-440,-143,600,-399,-246,642,6
1324,-444,-132,601,-393,-260,649,5
1333,-446,-134,622,-383,-277,657,6
1342,-421,-175,623,-374,-291,661,5
1350,-398,-199,618,-367,-304,666,5
1359,-405,-184,639,-361,-314,669,5
1366,-402,-196,637,-352,-326,673,5
1375,-389,-202,636,-344,-337,675,4
1398,-345,-239,657,-327,-362,680,2
1406,-362,-225,669,-321,-371,682,2
1413,-366,-238,664,-316,-379,683,2
1420,-355,-259,646,-310,-387,685,4
1428,-341,-266,627,-304,-394,686,3
1435,-316,-288,623,-300,-400,686,2
1442,-310,-295,644,-295,-405,687,1
1448,-308,-307,660,-292,-411,689,4
1455,-325,-321,681,-286,-417,689,3
1472,-310,-344,663,-274,-431,690,2
1479,-295,-355,659,-268,-437,691,2
1484,-277,-370,676,-265,-443,692,4
1493,-279,-402,689,-257,-450,692,3
1502,-264,-386,656,-245,-462,692,2
1509,-258,-393,653,-244,-464,693,2
1514,-252,-395,658,-236,-472,693,4
1522,-250,-380,646,-232,-477,694,3
1531,-251,-401,654,-225,-484,693,2
1538,-262,-409,658,-218,-491,693,1
1554,-272,-456,657,-201,-506,693,1
1561,-253,-462,652,-193,-513,693,2
1569,-240,-463,637,-186,-520,694,3
1577,-246,-466,645,-178,-527,694,3
1584,-248,-477,642,-170,-534,694,2
1591,-224,-493,643,-163,-541,695,3
1601,-223,-492,644,-155,-548,695,2
1608,-208,-476,635,-149,-555,697,4
1616,-178,-465,627,-143,-561,697,3
1624,-189,-469,640,-137,-568,698,3
1643,-182,-506,681,-124,-586,703,3
1647,-171,-502,663,-120,-592,706,9
1662,-174,-495,655,-112,-597,703,3
1667,-189,-505,626,-107,-600,702,6
1678,-201,-541,657,-99,-607,702,2
1686,-167,-538,638,-94,-616,707,2
1698,-164,-530,650,-89,-622,709,2
1707,-161,-514,644,-85,-628,711,1
1716,-159,-483,680,-79,-635,712,1
1734,-139,-528,652,-71,-645,714,1
1742,-114,-522,688,-68,-650,715,2
1751,-132,-507,712,-64,-655,715,1
1759,-117,-486,713,-61,-660,715,2
1766,-113,-505,713,-57,-665,715,4
1776,-123,-545,692,-54,-668,715,3
1783,-107,-571,684,-51,-672,715,4
1791,-105,-563,697,-48,-676,716,5
1803,-87,-560,708,-44,-681,716,5
1813,-76,-571,668,-41,-684,716,5
1821,-56,-591,659,-40,-686,717,4
1838,-57,-634,705,-38,-691,720,6
1847,-66,-633,716,-36,-694,720,5
1857,-77,-635,699,-34,-696,721,4
1865,-76,-650,701,-32,-699,722,5
1874,-68,-665,704,-30,-702,723,5
1885,-51,-673,697,-28,-704,724,4
1893,-52,-675,701,-27,-707,726,4
1903,-39,-683,681,-26,-709,727,5
1913,-25,-689,656,-26,-710,729,3
1922,-28,-713,667,-25,-712,731,3
1941,-56,-702,711,-22,-717,735,3
1952,-51,-694,687,-20,-720,737,2
1962,-27,-710,664,-19,-722,739,2
1972,-18,-740,687,-19,-725,743,2
1982,-5,-734,676,-19,-728,746,2
1993,-29,-718,700,-18,-731,750,2
2004,-33,-687,667,-17,-735,753,2
2015,-36,-678,654,-16,-740,758,2
2026,-25,-707,661,-15,-746,764,2
2034,-17,-733,674,-15,-748,766,7
2057,-32,-719,668,-13,-749,767,2
2065,-36,-723,664,-11,-753,772,3
2077,-39,-742,680,-10,-756,775,2
2087,-15,-755,670,-9,-759,778,3
2098,-30,-736,674,-8,-761,780,3
2107,-19,-742,666,-7,-762,783,3
2117,5,-740,639,-7,-763,785,4
2144,-24,-746,705,-6,-767,791,4
2154,-8,-734,687,-6,-768,792,4
2163,17,-774,689,-7,-768,794,4
2172,14,-764,672,-7,-768,797,5
2182,-15,-746,714,-8,-769,798,5
2190,-26,-732,727,-7,-770,800,5
2200,-3,-743,707,-8,-771,801,6
2210,12,-741,670,-9,-771,803,5
2218,18,-750,671,-11,-771,806,6
2228,-6,-753,723,-11,-771,807,5
2238,-27,-761,759,-12,-772,809,5
2247,-19,-756,729,-12,-773,810,5
2266,5,-773,711,-14,-773,815,6
2276,0,-780,735,-15,-774,817,6
2287,-22,-770,754,-15,-774,818,4
2295,-12,-758,712,-16,-775,820,5
2305,5,-747,682,-17,-775,823,5
2316,-9,-763,715,-18,-776,825,4
2326,-6,-770,747,-19,-776,827,4
2335,10,-784,759,-21,-777,830,4
2346,-2,-770,736,-22,-778,833,4
2357,-14,-758,729,-23,-779,836,4
2379,-20,-763,766,-26,-783,842,4
2390,10,-772,750,-29,-785,848,4
2397,7,-765,742,-31,-786,851,9
2406,-14,-724,730,-33,-784,851,10
2421,-31,-757,774,-36,-781,851,4
2429,-24,-794,815,-39,-770,844,3
2429,-5,-769,796,-40,-763,836,4
2432,5,-766,783,-41,-757,832,3
2436,-4,-787,801,-44,-750,828,5
2442,-23,-775,836,-46,-746,825,3
2453,-29,-735,815,-49,-737,818,4
2458,-20,-721,791,-52,-733,816,5
2466,-17,-762,822,-55,-729,814,3
2471,0,-766,830,-59,-724,813,5
2478,-20,-742,824,-63,-719,811,4
2485,-49,-719,809,-66,-715,810,4
2492,-67,-726,811,-70,-711,809,4
2499,-40,-719,823,-74,-707,808,4
2506,-41,-713,803,-78,-702,807,4
2512,-40,-707,790,-82,-698,805,5
2518,-40,-700,771,-86,-693,804,5
2535,-47,-726,816,-98,-683,804,2
2542,-66,-694,792,-102,-677,804,3
2549,-80,-684,802,-106,-673,802,2
2555,-86,-689,791,-109,-669,801,2
2560,-78,-693,790,-112,-663,799,4
2567,-60,-694,794,-117,-658,798,3
2573,-58,-669,777,-122,-653,796,4
2579,-57,-652,759,-126,-647,794,4
2584,-69,-662,760,-130,-641,792,4
2596,-103,-671,818,-138,-629,785,3
2601,-114,-632,782,-140,-621,780,4
2605,-123,-615,768,-141,-615,774,4
2609,-137,-641,788,-141,-607,766,5
2608,-143,-639,782,-141,-605,764,7
2614,-143,-637,777,-143,-603,765,9
2625,-146,-599,731,-146,-598,762,6
2629,-136,-584,727,-148,-591,758,6
2633,-144,-598,757,-149,-586,752,7
2638,-143,-620,778,-151,-580,749,7
2648,-152,-605,744,-156,-570,744,7
2655,-135,-598,723,-159,-565,742,7
2661,-125,-602,747,-164,-559,741,7
2668,-123,-609,755,-170,-553,741,6
2674,-129,-591,748,-175,-547,739,7
2681,-139,-571,723,-179,-542,738,7
2688,-143,-574,696,-185,-537,739,5
2695,-135,-576,709,-191,-530,739,5
2700,-139,-574,734,-197,-524,738,6
2709,-154,-564,743,-205,-517,738,4
2722,-168,-542,719,-218,-503,738,4
2727,-179,-532,718,-224,-497,737,5
2735,-184,-544,732,-239,-483,739,4
2741,-190,-525,726,-241,-480,737,5
2747,-184,-499,698,-252,-470,738,5
2755,-205,-480,694,-257,-465,737,3
2763,-199,-484,693,-264,-454,734,10
2769,-192,-493,700,-273,-445,734,9
2775,-222,-492,717,-280,-437,733,10
2794,-207,-467,685,-311,-404,731,9
2800,-215,-481,715,-322,-392,729,9
2807,-232,-452,707,-334,-379,727,8
2812,-241,-451,718,-342,-368,725,9
2819,-238,-439,697,-354,-355,722,8
2825,-240,-431,690,-362,-343,719,8
2830,-239,-413,686,-371,-330,715,8
2835,-263,-410,700,-379,-318,711,8
2841,-283,-406,709,-387,-306,705,8
2841,-287,-354,710,-394,-287,692,16
2852,-303,-345,718,-408,-272,690,10
2857,-328,-336,712,-414,-265,688,12
2869,-324,-350,696,-426,-250,685,6
2876,-328,-354,692,-433,-235,677,6
2880,-325,-345,676,-437,-225,670,7
2884,-324,-333,673,-442,-215,665,6
2889,-340,-300,656,-447,-204,660,6
2894,-376,-273,654,-451,-196,655,6
2900,-376,-272,673,-455,-187,650,6
2911,-362,-288,678,-465,-169,641,5
2917,-363,-267,662,-470,-159,636,5
2922,-394,-247,650,-474,-151,632,6
2927,-416,-220,652,-477,-145,628,7
2935,-403,-225,646,-481,-138,625,6
2938,-414,-234,649,-484,-131,621,7
2944,-409,-219,631,-487,-124,617,6
2951,-427,-205,636,-490,-118,614,6
2957,-441,-168,617,-492,-113,611,5
2960,-422,-166,593,-494,-108,608,8
2977,-456,-153,611,-500,-93,599,8
2983,-449,-151,610,-502,-87,595,8
2989,-463,-153,610,-505,-81,592,8
2995,-469,-128,584,-506,-76,589,7
3001,-483,-117,595,-508,-71,586,7
3008,-478,-121,599,-511,-64,582,7
3014,-484,-88,579,-513,-59,578,6
3020,-485,-94,592,-516,-52,574,6
3025,-518,-63,588,-517,-47,570,8
3039,-504,-86,588,-527,-24,557,6
3045,-507,-47,561,-527,-22,555,6
3050,-496,-52,548,-531,-12,549,7
3058,-489,-63,560,-532,-7,545,6
3063,-506,-40,548,-534,0,540,7
3069,-523,-24,549,-535,5,535,7
3076,-516,-47,552,-539,16,528,6
3083,-524,-33,549,-542,27,521,5
3089,-542,-27,554,-545,37,513,6
3094,-526,-38,557,-547,47,505,7
3113,-534,-1,515,-552,79,478,6
3119,-537,5,507,-552,88,470,6
3125,-539,24,514,-551,98,458,6
3126,-541,13,518,-550,103,454,12
3138,-551,34,488,-556,119,443,6
3140,-574,47,504,-558,126,439,10
3151,-562,52,492,-562,139,430,5
3157,-557,75,468,-567,147,427,5
3163,-555,94,447,-571,155,423,5
3174,-552,102,435,-577,169,415,5
3179,-556,120,417,-579,174,414,6
3186,-553,133,415,-581,179,410,5
3191,-569,143,418,-584,185,407,6
3197,-565,135,431,-586,191,403,6
3203,-564,140,423,-588,197,399,6
3209,-581,162,411,-589,201,396,5
3215,-567,168,400,-591,206,394,5
3222,-581,166,401,-592,210,391,4
3227,-603,173,412,-594,214,389,5
3238,-594,205,402,-597,222,384,7
3245,-585,212,397,-598,226,380,6
3251,-585,204,397,-599,230,378,6
3257,-584,194,403,-601,234,374,6
3263,-588,203,384,-602,238,372,6
3268,-582,207,377,-603,242,369,6
3274,-590,221,373,-604,246,366,6
3281,-600,225,373,-605,250,363,6
3289,-584,211,379,-606,255,359,3
3294,-591,219,377,-607,260,354,4
3306,-587,230,361,-609,270,347,4
3312,-598,246,364,-610,275,342,4
3319,-604,249,359,-611,282,337,4
3325,-619,248,372,-612,289,330,4
3331,-619,252,363,-613,297,324,4
3338,-611,263,337,-614,304,317,3
3341,-599,256,336,-615,310,313,6
3347,-596,264,324,-615,322,301,6
3354,-608,283,340,-616,332,291,5
3361,-600,278,339,-616,336,288,4
3372,-613,298,326,-618,349,275,6
3379,-597,301,308,-617,358,267,5
3385,-582,311,295,-618,366,258,5
3391,-611,332,285,-618,373,251,5
3397,-609,325,268,-617,381,243,5
3403,-629,331,267,-617,389,235,5
3409,-645,355,275,-617,399,225,5
3416,-618,342,278,-616,409,215,5
3422,-609,347,278,-616,419,204,5
3435,-606,360,252,-614,440,181,4
3435,-603,378,235,-614,444,177,10
3448,-616,400,218,-610,455,161,4
3451,-603,376,198,-608,460,155,8
3461,-615,391,200,-604,468,144,3
3470,-601,399,183,-598,474,131,3
3476,-591,411,191,-594,479,122,3
3482,-610,430,181,-590,484,113,3
3488,-607,457,184,-586,489,103,4
3494,-585,470,186,-582,493,95,4
3501,-582,482,166,-579,496,88,3
3514,-576,466,144,-573,503,74,3
3519,-576,482,144,-570,506,68,4
3527,-582,485,138,-568,509,61,2
3532,-578,491,132,-565,511,55,3
3538,-568,494,118,-562,514,49,4
3545,-559,489,99,-560,516,44,3
3551,-569,490,103,-557,518,39,3
3558,-561,491,105,-554,521,33,2
3564,-571,504,101,-551,523,27,2
3569,-572,508,85,-549,525,22,4
3581,-558,509,71,-544,529,13,4
3587,-540,507,51,-541,531,8,4
3596,-534,511,37,-539,533,3,1
3602,-539,509,28,-536,535,0,1
3608,-539,522,13,-534,536,-3,1
3613,-540,516,27,-532,538,-8,2
3619,-526,517,32,-528,540,-14,2
3623,-527,519,21,-525,542,-18,5
3631,-518,505,25,-521,546,-27,2
3642,-527,514,11,-512,551,-40,4
3648,-526,525,7,-507,554,-49,4
3655,-539,545,-5,-499,560,-63,3
3661,-518,552,-12,-492,563,-73,3
3668,-507,539,-25,-490,564,-76,2
3672,-494,520,-35,-487,565,-80,4
3679,-494,528,-35,-482,568,-88,3
3684,-487,538,-39,-477,570,-95,4
3692,-489,553,-41,-470,572,-104,2
3698,-474,561,-55,-465,574,-112,2
3703,-453,574,-76,-460,576,-119,3
3715,-449,541,-87,-448,579,-135,3
3720,-459,543,-82,-443,580,-141,3
3726,-450,550,-92,-436,582,-150,3
3732,-460,573,-103,-429,583,-158,3
3739,-461,582,-108,-421,584,-167,3
3744,-435,561,-110,-415,584,-174,3
3745,-439,550,-120,-411,585,-179,8
3747,-432,554,-127,-409,586,-182,12
3759,-408,570,-145,-399,589,-194,6
3767,-415,578,-153,-395,593,-203,4
3773,-398,565,-140,-393,599,-211,4
3784,-396,589,-176,-389,609,-226,4
3791,-379,585,-193,-387,613,-232,3
3797,-384,581,-179,-384,616,-238,3
3803,-382,583,-177,-382,620,-245,3
3808,-371,583,-181,-379,624,-251,4
3814,-371,615,-200,-377,626,-257,4
3820,-374,593,-198,-374,629,-263,4
3827,-382,587,-210,-371,631,-268,3
3834,-402,612,-216,-367,633,-274,3
3849,-374,612,-226,-361,638,-285,2
3854,-363,618,-243,-360,640,-289,4
3862,-348,627,-281,-359,642,-291,3
3869,-357,601,-266,-357,644,-294,3
3876,-359,604,-258,-355,645,-298,2
3884,-351,629,-274,-353,647,-302,2
3891,-370,639,-260,-350,649,-307,1
3898,-345,628,-273,-348,650,-310,1
3904,-335,617,-296,-346,652,-313,1
3910,-353,631,-291,-345,654,-317,3
3917,-329,623,-291,-343,656,-321,3
3932,-348,660,-305,-336,659,-331,3
3938,-329,633,-296,-333,660,-335,2
3946,-338,626,-309,-327,662,-342,2
3953,-360,633,-298,-317,663,-354,2
3960,-335,617,-297,-315,664,-356,1
3966,-341,624,-294,-308,666,-365,3
3974,-328,645,-323,-306,668,-368,2
3981,-311,623,-334,-302,669,-373,2
3988,-325,632,-344,-299,671,-378,3
4003,-322,635,-341,-287,674,-392,2
4011,-317,658,-341,-280,675,-400,2
4018,-308,647,-347,-274,677,-408,2
4025,-295,646,-362,-269,679,-415,3
4033,-295,657,-372,-262,680,-422,2
4041,-288,652,-355,-256,682,-430,2
4048,-270,659,-370,-251,685,-438,3
4057,-262,669,-391,-246,687,-446,3
4066,-276,672,-386,-239,690,-456,3
4091,-281,676,-348,-219,694,-481,3
4095,-249,675,-383,-213,692,-486,6
4106,-241,668,-404,-207,689,-490,2
4112,-248,676,-424,-201,684,-491,2
4117,-241,661,-427,-195,681,-493,2
4122,-234,655,-429,-190,677,-494,2
4128,-232,680,-447,-186,674,-495,2
4134,-235,672,-436,-180,671,-498,2
4139,-203,651,-460,-177,669,-498,2
4146,-218,657,-466,-173,667,-500,1
4158,-182,668,-473,-165,662,-503,2
4164,-190,652,-462,-162,660,-504,2
4171,-198,647,-456,-158,658,-506,1
4176,-200,639,-438,-154,655,-508,2
4183,-170,624,-447,-150,653,-510,1
4188,-171,633,-453,-147,651,-511,3
4195,-172,651,-459,-143,649,-513,2
4201,-182,656,-487,-140,647,-514,1
4206,-183,629,-483,-137,645,-515,3
4219,-171,642,-477,-129,642,-518,2
4226,-179,656,-475,-123,639,-521,2
4233,-142,644,-485,-120,637,-523,1
4240,-125,633,-509,-116,634,-525,1
4247,-152,636,-500,-111,631,-526,5
4254,-148,633,-502,-105,629,-529,5
4260,-126,609,-489,-96,624,-534,4
4267,-118,613,-490,-94,623,-534,4
4274,-114,609,-509,-89,620,-536,3
4279,-122,642,-542,-87,619,-536,4
4292,-95,621,-538,-80,614,-539,4
4296,-94,613,-514,-76,611,-540,5
4303,-89,636,-514,-71,608,-542,5
4309,-83,631,-546,-65,604,-545,5
4316,-96,619,-540,-59,601,-547,5
4322,-65,605,-542,-53,597,-549,4
4328,-61,590,-534,-48,594,-550,5
4334,-75,593,-523,-43,590,-552,5
4339,-73,597,-508,-36,585,-554,5
4345,-66,589,-524,-29,580,-556,4
4356,-33,576,-549,-20,571,-556,4
4355,-19,575,-558,-20,569,-554,12
4366,-30,581,-550,-11,565,-558,6
4369,-33,591,-544,-8,563,-560,9
4380,-33,583,-543,1,558,-565,4
4387,-14,571,-553,6,555,-566,4
4393,-9,574,-568,10,552,-568,5
4399,0,562,-568,16,549,-570,5
4405,0,543,-557,20,546,-572,4
4411,-8,540,-538,25,544,-574,5
4430,-2,544,-546,40,534,-580,4
4437,5,559,-581,44,532,-581,4
4443,26,534,-569,48,530,-583,4
4449,34,530,-576,51,528,-584,4
4456,42,525,-577,54,526,-585,3
4462,49,526,-575,57,524,-586,4
4469,65,518,-582,58,523,-586,4
4475,58,517,-585,61,521,-587,3
4487,57,511,-572,66,518,-589,4
4494,43,513,-562,71,515,-590,4
4500,36,516,-531,76,512,-593,3
4507,62,510,-553,81,509,-594,3
4513,77,514,-576,84,506,-596,3
4519,79,502,-578,88,504,-597,3
4525,83,500,-579,92,501,-598,2
4530,95,492,-582,95,499,-599,5
4536,77,496,-571,100,495,-601,5
4542,100,505,-577,106,491,-603,4
4550,106,489,-581,112,487,-605,4
4562,118,489,-602,132,473,-612,3
4568,104,475,-592,133,472,-612,5
4574,92,474,-589,143,465,-614,4
4581,99,465,-564,146,463,-615,3
4586,117,469,-574,152,459,-617,4
4593,123,487,-602,161,452,-619,3
4599,144,486,-609,169,445,-621,4
4605,128,484,-615,180,437,-624,3
4611,129,474,-610,190,429,-626,4
4625,148,459,-610,213,411,-630,4
4631,147,463,-625,224,401,-631,3
4637,163,450,-618,235,392,-633,3
4643,164,436,-622,246,382,-634,4
4650,156,441,-621,259,370,-635,3
4656,170,398,-588,268,362,-635,3
4658,181,399,-614,274,356,-635,7
4660,186,382,-619,282,350,-636,10
4673,201,383,-633,297,336,-637,4
4681,212,383,-636,308,330,-641,2
4689,221,375,-627,321,323,-647,2
4705,245,348,-623,344,309,-655,3
4714,255,330,-645,352,305,-658,3
4721,274,324,-651,361,299,-660,3
4729,270,333,-663,369,295,-663,3
4737,278,317,-661,377,289,-664,2
4744,279,301,-636,384,284,-665,2
4751,268,293,-632,390,280,-667,2
4758,286,278,-638,396,276,-668,2
4765,306,289,-638,403,272,-670,3
4774,322,300,-674,409,267,-670,1
4788,342,276,-649,419,260,-672,1
4797,334,287,-662,426,254,-673,1
4801,331,286,-651,432,250,-674,3
4810,335,283,-670,439,243,-674,2
4817,356,277,-669,446,237,-674,2
4825,388,271,-671,453,230,-674,1
4832,393,249,-655,458,225,-675,1
4838,376,249,-672,465,220,-675,3
4845,365,238,-640,474,211,-674,2
4862,405,241,-658,497,183,-670,2
4869,432,233,-669,501,181,-671,1
4875,425,243,-681,512,168,-669,3
4884,419,231,-668,518,162,-668,2
4893,438,230,-664,527,151,-666,1
4898,453,207,-658,535,142,-666,2
4908,481,193,-673,544,131,-663,0
4916,464,208,-666,553,119,-661,1
4923,466,191,-678,563,107,-659,2
4931,486,173,-668,572,96,-656,2
4947,503,166,-632,590,73,-652,3
4955,502,148,-628,598,63,-650,2
4961,523,135,-650,607,53,-649,3
4971,525,130,-653,615,42,-647,3
4980,528,140,-669,625,30,-645,3
4988,551,116,-655,635,19,-644,3
4998,577,102,-653,646,8,-643,2
5002,576,89,-645,653,1,-645,9
5019,585,81,-636,659,-10,-639,3
5023,609,73,-660,663,-18,-636,5
5034,583,78,-657,669,-27,-632,2
5052,617,55,-628,682,-44,-630,2
5060,638,40,-606,688,-53,-628,2
5073,645,-4,-628,694,-59,-627,3
5082,630,0,-629,698,-64,-626,2
5091,665,-9,-627,702,-70,-624,3
5098,660,-5,-613,705,-75,-624,3
5107,667,-8,-626,708,-81,-622,3
5116,678,-11,-643,712,-87,-619,2
5125,679,-34,-623,715,-92,-618,3
5140,704,-49,-621,721,-102,-615,4
5151,721,-79,-615,723,-107,-613,2
5159,717,-70,-652,726,-112,-611,3
5166,695,-68,-626,730,-117,-608,4
5175,700,-76,-631,734,-126,-604,3
5185,700,-78,-626,737,-132,-600,1
5192,710,-100,-597,739,-134,-600,3
5201,708,-109,-604,741,-139,-598,2
5208,695,-118,-602,744,-143,-596,3
5217,684,-128,-594,746,-147,-594,2
5233,683,-123,-590,752,-157,-589,2
5241,710,-125,-597,755,-162,-587,3
5249,730,-115,-596,758,-168,-584,4
5259,749,-131,-591,760,-174,-581,2
5266,723,-132,-574,763,-179,-579,3
5275,714,-120,-592,766,-184,-576,3
5283,714,-132,-582,769,-190,-574,4
5292,723,-142,-569,772,-195,-572,3
5300,748,-140,-573,775,-201,-570,4
5309,770,-165,-580,778,-206,-568,4
5318,748,-167,-563,781,-210,-567,4
5337,751,-156,-585,788,-221,-563,3
5346,766,-189,-550,792,-226,-563,3
5356,772,-205,-554,797,-230,-564,3
5366,789,-207,-575,798,-233,-562,5
5372,767,-208,-540,799,-235,-561,7
5383,767,-215,-544,805,-240,-563,4
5394,779,-205,-570,813,-245,-565,4
5406,768,-218,-553,819,-250,-567,4
5418,776,-217,-550,825,-255,-568,5
5451,788,-233,-552,838,-268,-568,4
5462,779,-248,-566,842,-271,-569,5
5473,801,-230,-601,846,-276,-567,4
5484,797,-237,-577,849,-280,-566,3
5493,823,-250,-555,853,-284,-566,4
5503,804,-223,-565,856,-288,-565,4
5513,796,-230,-572,859,-292,-564,4
5523,829,-254,-568,862,-296,-564,5
5535,825,-246,-558,864,-300,-562,2
5554,813,-265,-550,870,-307,-561,4
5563,807,-266,-547,873,-310,-561,4
5576,814,-267,-564,875,-313,-559,2
5585,857,-301,-559,878,-316,-560,3
5595,843,-321,-535,880,-317,-561,3
5604,806,-291,-554,883,-319,-561,4
5615,835,-272,-586,886,-323,-560,4
5625,835,-275,-533,889,-326,-560,4
5636,856,-284,-541,892,-329,-560,4
5648,868,-279,-576,895,-333,-559,3
5657,850,-277,-562,898,-337,-559,3
5680,865,-293,-551,905,-343,-560,3
5692,894,-286,-574,910,-347,-561,3
5705,890,-315,-554,914,-351,-562,2
5716,907,-329,-548,920,-354,-565,3
5730,894,-310,-556,926,-358,-567,2
5744,889,-302,-575,934,-364,-571,2
5755,897,-327,-567,938,-366,-571,7
5766,896,-331,-559,939,-368,-571,8
5781,915,-310,-568,944,-372,-572,2
5795,903,-316,-570,953,-378,-576,2
5826,937,-357,-561,967,-385,-583,2
5835,956,-365,-579,973,-388,-586,3
5844,895,-348,-559,978,-390,-588,3
5854,899,-352,-555,982,-393,-590,2
5864,963,-361,-562,985,-395,-592,2
5873,945,-345,-586,989,-398,-593,2
5881,915,-355,-577,993,-400,-595,4
5892,963,-383,-573,996,-401,-596,2
5900,955,-342,-599,1000,-404,-597,4
5922,982,-398,-573,1005,-408,-600,2
5931,958,-363,-577,1008,-410,-601,2
5939,964,-350,-590,1012,-413,-602,4
5950,1011,-406,-576,1015,-414,-604,3
5961,976,-379,-578,1017,-416,-605,2
5969,982,-357,-597,1021,-419,-606,4
5980,1005,-371,-582,1024,-421,-607,3
5991,988,-385,-586,1027,-423,-609,1
5999,1034,-414,-607,1031,-425,-611,4
6009,1015,-395,-616,1035,-427,-613,4
6020,970,-402,-604,1039,-428,-615,3
6041,994,-380,-580,1048,-433,-620,2
6050,1042,-411,-584,1055,-436,-624,3
6061,999,-414,-580,1061,-438,-628,2
6071,979,-412,-590,1071,-442,-634,2
6074,1028,-415,-603,1079,-445,-638,9
6085,1041,-430,-604,1079,-445,-639,9
6100,999,-414,-604,1080,-445,-639,4
6110,1013,-382,-594,1081,-447,-639,4
6121,1105,-421,-616,1082,-449,-639,4
6140,1043,-407,-593,1083,-450,-640,6
6151,1043,-415,-617,1083,-451,-640,5
6161,1057,-432,-650,1084,-451,-640,6
6173,1050,-474,-629,1084,-450,-641,5
6183,1049,-446,-620,1085,-449,-642,5
6193,1031,-411,-648,1086,-450,-642,6
6205,1041,-431,-647,1086,-450,-641,4
6215,1068,-425,-611,1086,-451,-641,5
6224,1082,-399,-606,1087,-452,-641,7
6245,1082,-433,-602,1087,-454,-641,7
6258,1076,-452,-617,1087,-453,-642,5
6273,1040,-431,-626,1088,-453,-642,6
6285,1050,-446,-595,1088,-453,-643,4
6293,1063,-436,-597,1088,-453,-644,7
6306,1107,-443,-638,1089,-453,-644,5
6317,1059,-431,-624,1089,-454,-644,4
6327,1072,-440,-597,1090,-454,-645,5
6338,1094,-439,-633,1090,-454,-645,5
6349,1104,-446,-642,1091,-455,-646,5
6372,1114,-458,-617,1093,-455,-648,4
6380,1114,-444,-655,1093,-456,-648,7
6392,1088,-441,-624,1092,-456,-647,6
6406,1094,-442,-599,1078,-450,-639,3
6417,1089,-435,-637,1065,-445,-631,3
6428,1103,-450,-657,1055,-441,-625,3
6438,1063,-456,-630,1046,-437,-620,4
6448,1062,-439,-636,1038,-434,-616,5
6460,1033,-419,-665,1033,-432,-612,3
6469,1043,-452,-626,1027,-429,-608,5
6480,1040,-457,-601,1022,-426,-606,4
6502,1031,-424,-633,1013,-422,-601,3
6512,1069,-474,-605,1008,-419,-598,4
6523,1024,-431,-597,1004,-417,-597,3
6532,1023,-398,-622,999,-416,-593,5
6544,1020,-433,-606,996,-414,-591,3
6551,1002,-427,-601,991,-411,-588,6
6563,993,-398,-643,987,-410,-585,4
6572,1038,-426,-626,982,-408,-582,6
6583,978,-407,-587,978,-406,-580,5
6604,1013,-402,-628,970,-403,-574,4
6614,957,-381,-597,965,-401,-570,4
6623,947,-381,-570,960,-399,-567,4
6632,997,-404,-591,953,-397,-563,4
6637,963,-356,-601,947,-396,-558,4
6641,966,-388,-569,939,-393,-553,4
6644,946,-371,-556,930,-390,-548,4
6647,942,-353,-574,920,-387,-541,4
6648,962,-380,-583,906,-381,-532,4
6645,972,-417,-559,904,-380,-531,6
6662,913,-364,-560,888,-374,-521,5
6660,912,-377,-552,872,-367,-511,5
6658,896,-386,-520,861,-362,-505,5
6659,900,-380,-521,851,-358,-499,5
6661,889,-363,-542,843,-355,-494,5
6664,873,-337,-539,835,-352,-488,6
6667,866,-357,-507,829,-350,-485,6
6673,886,-368,-516,824,-348,-482,4
6678,845,-332,-519,817,-346,-478,6
6682,834,-344,-506,813,-344,-474,5
6693,817,-351,-480,803,-339,-469,6
6698,828,-340,-493,798,-337,-466,6
6702,800,-324,-507,794,-336,-462,7
6709,781,-307,-487,791,-335,-460,5
6714,779,-320,-461,786,-334,-457,6
6718,807,-331,-461,781,-332,-454,7
6725,806,-318,-477,778,-331,-452,6
6730,797,-319,-486,773,-329,-448,7
6737,758,-308,-458,770,-328,-446,5
6741,757,-311,-454,765,-326,-443,6
6757,751,-314,-470,753,-321,-434,6
6762,749,-313,-433,748,-319,-432,6
6766,746,-307,-418,743,-317,-429,6
6772,753,-302,-424,738,-315,-427,6
6777,763,-302,-434,733,-313,-424,5
6782,759,-304,-442,726,-311,-420,6
6787,756,-326,-417,720,-307,-417,6
6791,734,-317,-410,713,-304,-414,5
6796,712,-297,-413,707,-301,-411,4
6803,709,-309,-435,689,-293,-400,4
6806,701,-309,-420,676,-287,-393,5
6798,709,-316,-416,664,-282,-385,14
6806,689,-295,-412,664,-281,-386,7
6809,680,-277,-426,660,-280,-382,12
6820,678,-271,-428,656,-279,-380,6
6825,703,-289,-423,623,-265,-360,6
6822,676,-277,-397,600,-256,-347,6
6828,667,-285,-387,581,-247,-336,6
6834,652,-264,-387,562,-239,-325,7
6842,649,-249,-395,551,-235,-318,5
6854,623,-254,-364,525,-224,-303,6
6860,597,-261,-352,513,-219,-297,6
6865,576,-251,-344,502,-213,-290,7
6872,576,-236,-339,494,-210,-286,6
6877,560,-203,-331,487,-207,-281,6
6881,544,-197,-319,475,-204,-274,8
6888,535,-202,-294,471,-202,-272,6
6893,516,-190,-285,464,-199,-268,6
6897,498,-194,-274,456,-196,-264,7
6908,483,-202,-285,445,-191,-258,6
6913,463,-195,-285,441,-189,-256,5
6917,465,-194,-283,433,-186,-252,6
6920,447,-191,-268,426,-182,-247,8
6925,430,-189,-247,422,-180,-246,7
6930,421,-185,-246,418,-178,-244,6
6935,410,-184,-242,415,-176,-242,5
6937,417,-184,-241,407,-172,-238,8
6942,416,-183,-246,403,-170,-236,7
6947,402,-171,-241,400,-168,-234,6
6956,409,-169,-243,392,-165,-230,5
6957,398,-155,-230,385,-162,-225,8
6962,401,-156,-218,381,-160,-223,7
6966,380,-148,-206,377,-159,-221,7
6970,386,-147,-209,373,-157,-219,7
6973,377,-138,-199,369,-156,-217,7
6978,371,-144,-205,365,-154,-215,6
6982,363,-144,-214,361,-153,-213,6
6985,361,-150,-225,357,-151,-211,6
6989,351,-146,-230,354,-150,-208,6
6999,350,-155,-225,347,-146,-203,3
7001,338,-151,-220,339,-143,-199,7
7004,329,-140,-214,336,-141,-197,7
7008,340,-137,-203,332,-140,-194,6
7012,343,-127,-200,328,-138,-192,6
7015,340,-134,-188,324,-137,-190,6
7018,338,-125,-200,320,-136,-188,6
7022,336,-128,-197,317,-134,-185,6
7025,340,-131,-199,313,-133,-183,6
7033,310,-133,-190,305,-129,-179,5
7036,306,-147,-189,302,-127,-177,5
7039,299,-152,-182,298,-125,-175,5
7042,294,-149,-187,294,-123,-173,5
7045,289,-142,-178,291,-121,-171,5
7048,293,-140,-169,287,-119,-169,5
7049,287,-124,-165,279,-115,-165,7
7052,284,-113,-164,276,-114,-163,7
7055,296,-112,-166,272,-112,-160,7
7058,279,-105,-159,264,-110,-156,9
7061,265,-96,-168,257,-107,-151,11
7067,257,-89,-172,242,-102,-141,15
7070,256,-90,-173,227,-96,-132,21
7073,259,-99,-160,219,-93,-127,22
7075,232,-88,-153,208,-89,-120,25
7077,236,-95,-145,201,-86,-116,27
7079,226,-93,-140,182,-78,-105,32
7082,214,-89,-128,178,-76,-102,31
7084,206,-86,-123,163,-70,-94,35
7086,199,-90,-115,152,-65,-87,36
7088,185,-86,-110,140,-60,-81,38
7091,161,-76,-91,110,-47,-64,42
7081,153,-74,-79,99,-42,-57,55
7083,139,-64,-70,99,-42,-57,54
7087,132,-51,-62,99,-42,-57,52
7089,125,-42,-45,99,-42,-58,51
7091,118,-36,-43,98,-42,-58,50
7093,102,-27,-40,98,-42,-58,49
